     0/299     5.09G   0.07868   0.04413   0.01943    0.1422       260       416    0.6495    0.1612   0.09781    0.0161   0.08988   0.04721   0.02051
     1/299     5.09G   0.06175   0.03655   0.01762    0.1159       231       416    0.6521     0.207      0.14   0.02679   0.08038   0.03619   0.01827
     2/299     5.09G   0.05798   0.03624   0.01474     0.109       293       416    0.6887    0.2508    0.1852   0.04955   0.07403   0.03763   0.01525
     3/299     5.09G   0.05562   0.03432   0.01301    0.1029       286       416    0.3436    0.4416    0.3578    0.1051   0.06638    0.0266   0.01179
     4/299     5.09G   0.05675   0.03563   0.01205    0.1044       241       416    0.4169    0.2604    0.2403   0.08388   0.06576   0.04655   0.02214
     5/299     5.09G   0.05549    0.0357   0.01136    0.1025       202       416    0.5437    0.2829    0.2781   0.06585   0.06884   0.03813   0.01815
     6/299     5.09G   0.05496   0.03562   0.01114    0.1017       214       416    0.3768    0.2708    0.2528   0.08446   0.07447   0.03455   0.01214
     7/299     5.09G   0.05491   0.03533   0.01057    0.1008       277       416     0.591    0.4133    0.4372    0.1322   0.05857    0.0406  0.009083
     8/299     5.09G   0.05402   0.03535    0.0101   0.09947       172       416    0.4912    0.4557    0.4223   0.09662   0.06341   0.02464  0.009767
     9/299     5.09G   0.05402   0.03554   0.01046       0.1       211       416    0.3184    0.2963    0.2225   0.03345   0.07612    0.0279   0.01032
    10/299     5.09G   0.05384   0.03493   0.01057   0.09934       255       416    0.6614    0.5582    0.5911    0.2059   0.05053   0.02088  0.007352
    11/299     5.09G   0.05418    0.0353   0.01074    0.1002       185       416     0.475    0.4815    0.4351    0.1277   0.05938   0.02562   0.01183
    12/299     5.09G   0.05339   0.03497   0.01038   0.09873       196       416    0.5352    0.4534    0.4281    0.1154   0.06821   0.02192   0.01477
    13/299     5.09G   0.05351   0.03501   0.01053   0.09904       200       416    0.5567    0.3965    0.3981    0.1088   0.06498   0.04234  0.009352
    14/299     5.09G   0.05483   0.03577   0.01074    0.1013       166       416    0.6605    0.5068    0.5394    0.2243   0.04893   0.02133  0.009862
    15/299     5.09G   0.05351   0.03552   0.01008   0.09911       246       416    0.4889    0.4527    0.3965   0.08397   0.06694   0.02456   0.01129
    16/299     5.09G   0.05336   0.03505   0.01006   0.09846       240       416    0.6553    0.4175     0.404   0.08183   0.06926   0.02426   0.01097
    17/299     5.09G   0.05339   0.03467  0.009899   0.09796       202       416    0.6416    0.5139    0.5472    0.2518   0.04806   0.02567   0.01064
    18/299     5.09G   0.05332   0.03487  0.009992   0.09819       200       416    0.6299    0.3426    0.3519   0.09796    0.0684   0.03027  0.008613
    19/299     5.09G   0.05343   0.03544   0.01036   0.09923       200       416    0.7237    0.3884    0.4553    0.1456    0.0577   0.02796   0.01219
    20/299     5.09G   0.05347   0.03445   0.01033   0.09825       183       416    0.5824    0.4328    0.4247   0.09676   0.06249   0.02218  0.008803
    21/299     5.09G   0.05331   0.03439   0.01015   0.09786       232       416    0.8267    0.4319    0.5056    0.1823   0.05426   0.02314   0.01007
    22/299     5.09G   0.05458   0.03452    0.0102    0.0993       219       416    0.4224    0.4347    0.3626   0.09821   0.06282   0.02248  0.009921
    23/299     5.09G   0.05321   0.03493  0.009845   0.09799       205       416    0.5275    0.4817    0.4526    0.1602   0.05605   0.01976   0.01318
    24/299     5.09G   0.05302   0.03459  0.009798   0.09741       298       416    0.7404    0.4151     0.467    0.1186   0.06631   0.02021  0.008372
    25/299     5.09G   0.05368   0.03556   0.01001   0.09924       205       416    0.8306    0.4916    0.5645    0.1794   0.05357    0.0199  0.007745
    26/299     5.09G   0.05222   0.03461   0.01007    0.0969       273       416    0.6103    0.4909    0.4962    0.1625   0.05386   0.02033  0.009022
    27/299     5.09G   0.05239   0.03497  0.009849    0.0972       262       416    0.7013      0.53     0.559     0.173   0.05645   0.02193  0.009576
    28/299     5.09G   0.05264   0.03642  0.009959   0.09902       232       416     0.679    0.5457    0.5533    0.1887   0.05268   0.02101  0.007524
    29/299     5.09G   0.05198   0.03453  0.009515   0.09603       283       416    0.7449    0.4573     0.495    0.1622   0.05932   0.02074   0.01074
    30/299     5.09G   0.05206    0.0349  0.009673   0.09663       212       416    0.7083      0.51    0.5698    0.2213   0.05315   0.01949   0.01397
    31/299     5.09G   0.05208   0.03422  0.009784   0.09608       229       416    0.8391    0.4923    0.5625    0.1688   0.05796    0.0198  0.009074
    32/299     5.09G   0.05226    0.0353  0.009326   0.09688       277       416    0.7979    0.5643    0.6287    0.2288   0.05239   0.01962  0.008085
    33/299     5.09G   0.05214    0.0335  0.009599   0.09523       221       416    0.6574    0.5284    0.5357    0.1775   0.05697   0.01997   0.01042
    34/299     5.09G   0.05264   0.03456  0.009433   0.09663       277       416    0.7837    0.5218    0.5739    0.1954   0.05486   0.02302  0.008929
    35/299     5.09G   0.05147   0.03419  0.009577   0.09524       241       416    0.7446    0.4866    0.4987    0.1366   0.06214   0.02017  0.008835
    36/299     5.09G   0.05257   0.03484  0.009475   0.09688       233       416    0.6162    0.3235    0.3774    0.1601   0.05663   0.02581   0.01272
    37/299     5.09G   0.05208   0.03534  0.009813   0.09723       208       416    0.7027    0.5558    0.5841    0.2024   0.05423   0.02153  0.007702
    38/299     5.09G   0.05142   0.03369  0.009212   0.09432       198       416    0.6857    0.5499    0.5822    0.1865   0.05504   0.01824   0.01055
    39/299     5.09G   0.05211    0.0349  0.009347   0.09636       233       416    0.5121    0.4596    0.4056    0.1059   0.06239   0.02624  0.007549
    40/299     5.09G   0.05253   0.03507  0.009646   0.09725       260       416    0.7244    0.5539    0.5974    0.1964    0.0559   0.01918  0.006975
    41/299     5.09G   0.05174   0.03366   0.00942   0.09482       165       416    0.0161    0.6121   0.01306   0.00386    0.0612    0.9971     0.013
    42/299     5.09G   0.05265   0.03493  0.009596   0.09718       278       416     0.742    0.4926    0.5508    0.1545   0.05643   0.01982   0.01128
    43/299     5.09G   0.05149   0.03426  0.009218   0.09497       261       416    0.7702    0.5686    0.5977    0.1603   0.05821   0.01783  0.008386
    44/299     5.09G   0.05083   0.03425  0.008839   0.09392       234       416    0.6766    0.4968    0.5072    0.1398   0.06037   0.01982  0.009394
    45/299     5.09G   0.05276   0.03402  0.009289   0.09607       217       416    0.5814     0.486    0.4623    0.1104   0.06578   0.01918  0.007059
    46/299     5.09G   0.05088   0.03411  0.009199   0.09418       184       416    0.7306    0.5665    0.5971    0.1835   0.05649   0.02004  0.007839
    47/299     5.09G   0.05165   0.03415  0.009579   0.09537       187       416    0.6831    0.5026    0.5476    0.1556   0.05877   0.01856  0.008743
    48/299     5.09G   0.05164   0.03497     0.009    0.0956       259       416    0.7291    0.5377    0.5615    0.2148   0.05354   0.01859  0.007728
    49/299     5.09G   0.05138   0.03514  0.009698   0.09622       224       416     0.747    0.4534    0.5037     0.169   0.05877   0.01907  0.008772
    50/299     5.09G   0.05146   0.03364  0.009337   0.09444       291       416     0.854     0.514    0.5863    0.1823   0.05623   0.01879   0.01029
    51/299     5.09G   0.05138   0.03455  0.009425   0.09536       233       416     0.914    0.5025    0.6031    0.1801    0.0584   0.01886  0.007903
    52/299     5.09G   0.05097   0.03349  0.009312   0.09377       222       416    0.7303    0.5796    0.5864    0.1734   0.05639   0.01788  0.007994
    53/299     5.09G   0.05126   0.03504  0.008785   0.09509       181       416    0.7166    0.4881    0.5455    0.1832   0.05422   0.02448   0.01059
    54/299     5.09G   0.05184   0.03498  0.009505   0.09633       239       416    0.6714    0.4769    0.4966    0.1492   0.06059   0.01886  0.009613
    55/299     5.09G   0.05134   0.03466  0.009244   0.09524       282       416     0.774     0.478    0.5513    0.2056   0.05345    0.0201  0.008812
    56/299     5.09G   0.05113   0.03515   0.00931   0.09559       235       416    0.7119    0.4951    0.4896    0.1226    0.0631   0.01909  0.007139
    57/299     5.09G   0.05118   0.03461  0.008858   0.09465       175       416    0.7072    0.5618    0.5858    0.1894   0.05792   0.01819  0.008788
    58/299     5.09G   0.05161   0.03511  0.009206   0.09593       171       416    0.7719    0.5503    0.5832    0.1843   0.05603   0.01946  0.007564
    59/299     5.09G   0.05199   0.03438  0.009275   0.09565       184       416    0.5962    0.4768    0.4492    0.1224   0.06445   0.01986  0.008284
    60/299     5.09G   0.05119   0.03414  0.008904   0.09424       243       416    0.8077    0.5997    0.6468    0.1977   0.05526   0.01831  0.006877
    61/299     5.09G   0.05147   0.03446  0.008747   0.09468       237       416    0.8583    0.5082    0.5784    0.1995   0.05506   0.01909   0.01025
    62/299     5.09G    0.0523    0.0354  0.009238   0.09694       222       416    0.7987    0.5092     0.556    0.1788   0.05725   0.01872  0.008938
    63/299     5.09G   0.05136   0.03449  0.009306   0.09516       263       416    0.7687    0.5245    0.5636    0.1658    0.0572   0.01967   0.00919
    64/299     5.09G   0.05034   0.03361  0.009072   0.09302       214       416    0.7442    0.5484      0.59     0.165   0.05798   0.01909  0.007173
    65/299     5.09G   0.05144   0.03389  0.008929   0.09426       188       416    0.8908    0.5164    0.6117    0.2383   0.05149    0.0202  0.008619
    66/299     5.09G   0.05054   0.03364   0.00927   0.09346       218       416    0.8402    0.5134    0.6129    0.1719   0.05669   0.01846  0.007931
    67/299     5.09G   0.05075   0.03344  0.008916    0.0931       193       416    0.7013    0.5395    0.5369    0.1563   0.05784    0.0193  0.009591
    68/299     5.09G   0.05116   0.03381  0.009086   0.09405       189       416     0.845    0.4781    0.5657    0.2026   0.05423    0.0192  0.008663
    69/299     5.09G   0.05111   0.03416   0.00907   0.09435       206       416    0.8527    0.5271    0.6005    0.2042   0.05208   0.01856  0.006738
    70/299     5.09G   0.05198   0.03415  0.009006   0.09514       291       416    0.8426    0.5149    0.5876    0.1724   0.05878   0.01877  0.008407
    71/299     5.09G   0.05112   0.03447  0.009154   0.09474       259       416    0.7818    0.5674    0.6183    0.2619   0.04733   0.01932  0.008453
    72/299     5.09G   0.05117   0.03446  0.008972    0.0946       242       416    0.7218    0.5915    0.6179     0.218    0.0535     0.019  0.007509
    73/299     5.09G   0.05055   0.03414  0.009157   0.09384       256       416    0.6463    0.5252    0.5304    0.1566   0.05932   0.01901   0.00895
    74/299     5.09G   0.05042   0.03324  0.008861   0.09252       187       416    0.7319    0.5504    0.5937    0.1936   0.05589   0.01822  0.007456
    75/299     5.09G   0.05107   0.03393  0.009379   0.09437       242       416    0.7348    0.5462    0.5681    0.1809   0.05574   0.01921  0.008084
    76/299     5.09G   0.04968   0.03383  0.008676   0.09218       200       416    0.7559    0.5934    0.6386    0.2748   0.04923   0.01962  0.007137
    77/299     5.09G   0.05083    0.0347  0.008965    0.0945       261       416     0.716    0.5742    0.5909     0.184   0.05725   0.01758  0.009326
    78/299     5.09G   0.05124   0.03387  0.009072   0.09419       296       416    0.7102    0.5419    0.5624    0.1553   0.06109   0.01953  0.008267
    79/299     5.09G   0.05077   0.03353  0.009223   0.09353       153       416    0.7503    0.5867    0.6195    0.1796   0.05721   0.01982  0.006215
    80/299     5.09G   0.05139   0.03498  0.009039    0.0954       316       416    0.6277    0.4992    0.4919    0.1087   0.06662   0.01881  0.007147
    81/299     5.09G   0.05114   0.03461  0.009361   0.09511       272       416    0.8457    0.5314    0.5967    0.1992   0.05527   0.01953  0.008235
    82/299     5.09G   0.05104   0.03469  0.008975    0.0947       306       416    0.7227    0.6482    0.6733    0.2714   0.04933   0.01806  0.007223
    83/299     5.09G   0.05201    0.0345  0.009044   0.09555       268       416    0.7839     0.572    0.6234    0.2108   0.05336   0.01904  0.008239
    84/299     5.09G    0.0501   0.03361  0.009007   0.09271       219       416    0.3145    0.5038    0.2598   0.09074   0.05254   0.02161  0.008119
    85/299     5.09G   0.05191   0.03466  0.008975   0.09555       253       416    0.6707    0.6603    0.6536    0.2249   0.05299   0.01786  0.006345
    86/299     5.09G   0.05063   0.03275   0.00876   0.09214       163       416     0.768    0.5719    0.6216    0.1986   0.05663   0.01812  0.006929
    87/299     5.09G   0.05133   0.03442    0.0087   0.09445       191       416    0.7476    0.6134    0.6626    0.2791   0.04756   0.01796  0.007512
    88/299     5.09G   0.05078   0.03351  0.008941   0.09324       281       416    0.6539    0.5384    0.5511    0.1909   0.05633   0.01846  0.006331
    89/299     5.09G   0.04955   0.03294  0.008644   0.09112       219       416    0.7286     0.608    0.6398    0.2144   0.05477   0.01807  0.007434
    90/299     5.09G   0.05064   0.03454  0.008979   0.09416       258       416      0.75    0.6155    0.6409    0.2006   0.05633   0.01829  0.006913
    91/299     5.09G   0.05092   0.03426  0.008861   0.09405       336       416    0.8573    0.5578    0.6426    0.2304   0.05146   0.01811  0.009112
    92/299     5.09G    0.0509   0.03491  0.008767   0.09459       183       416    0.7683    0.4955    0.5667    0.1673    0.0593   0.01789  0.007558
    93/299     5.09G   0.05087   0.03351  0.008852   0.09323       206       416    0.7226    0.5921    0.6313     0.232   0.05395   0.02015  0.008135
    94/299     5.09G   0.04976   0.03312  0.008511   0.09139       180       416    0.7857    0.5676    0.6328    0.1553    0.0544    0.0191   0.00727
    95/299     5.09G   0.05014   0.03353  0.008447   0.09212       226       416    0.7744    0.5588    0.6035    0.1554   0.05876   0.01901  0.008664
    96/299     5.09G    0.0508   0.03502  0.008715   0.09454       226       416    0.7459    0.6075    0.6547    0.3149   0.04552   0.01933  0.006924
    97/299     5.09G   0.04976   0.03353  0.008643   0.09194       306       416    0.5134    0.5442    0.4401    0.1342    0.0649   0.01803  0.006445
    98/299     5.09G   0.04977   0.03474  0.008599   0.09311       255       416    0.8647    0.5794    0.6814    0.3017   0.04628   0.01726  0.007932
    99/299     5.09G   0.05029   0.03438  0.008794   0.09346       220       416    0.7234    0.5774    0.6229    0.2129   0.05332   0.01797  0.007445
   100/299     5.09G   0.04961   0.03333  0.008691   0.09163       172       416    0.7675    0.5982    0.6652    0.2236   0.05391   0.01769  0.006559
   101/299     5.09G   0.04999   0.03407  0.008562   0.09262       340       416     0.869    0.5992    0.6953    0.2751   0.04802   0.01746  0.006463
   102/299     5.09G   0.04975   0.03251  0.008284   0.09054       176       416    0.7694    0.5989    0.6477    0.2119    0.0547   0.01773  0.007593
   103/299     5.09G    0.0503   0.03301  0.008496    0.0918       244       416    0.8145    0.6066    0.6663    0.2243   0.05476    0.0177  0.007349
   104/299     5.09G   0.05032   0.03417  0.008542   0.09303       285       416    0.7133    0.5511    0.5769     0.166   0.05644   0.01908  0.007807
   105/299     5.09G   0.04892   0.03288  0.008387   0.09019       193       416    0.8213    0.5824    0.6609    0.2316   0.05344   0.01813  0.007421
   106/299     5.09G   0.05033   0.03449   0.00887   0.09369       287       416    0.7817    0.6013    0.6443     0.236   0.05206   0.01781  0.007139
   107/299     5.09G   0.04998   0.03437  0.008198   0.09254       245       416    0.8121    0.6196    0.6743    0.2134   0.05523   0.01766  0.007247
   108/299     5.09G   0.05099   0.03376  0.008496   0.09325       199       416    0.6538    0.5791    0.5577    0.1925   0.05133   0.01878  0.007668
   109/299     5.09G   0.04932   0.03319  0.008572   0.09108       201       416    0.8057    0.6193    0.7019    0.2541    0.0515   0.01801  0.006777
   110/299     5.09G   0.04963   0.03366  0.008413    0.0917       241       416    0.7878    0.6074    0.6718    0.2341   0.05209   0.01804  0.007412
   111/299     5.09G   0.04978   0.03409  0.008686   0.09255       290       416    0.8344    0.5872    0.6717    0.2536   0.05054   0.01744  0.007623
   112/299     5.09G   0.05015   0.03394  0.008736   0.09282       226       416    0.8384    0.5983    0.6569    0.2572   0.04973   0.01778  0.006053
   113/299     5.09G   0.04919   0.03392  0.008151   0.09126       234       416    0.8162      0.62    0.6829    0.2501   0.05097   0.01794  0.006284
   114/299     5.09G   0.04961   0.03364  0.008676   0.09194       208       416    0.8773    0.5954    0.6803    0.1961   0.05604   0.01862  0.005838
   115/299     5.09G   0.05048   0.03361  0.008489   0.09258       141       416    0.8201    0.6029    0.6649    0.2151   0.05354   0.01737  0.007694
   116/299     5.09G   0.04945    0.0333  0.008493   0.09124       200       416    0.7177    0.6386    0.6659    0.2227    0.0523   0.01781   0.00706
   117/299     5.09G   0.04853   0.03342  0.008286   0.09023       220       416    0.8609    0.5558    0.6365    0.2203   0.05499   0.01734  0.007034
   118/299     5.09G   0.04913   0.03315   0.00821   0.09049       167       416    0.7801    0.5625     0.608    0.1832   0.05781   0.01887  0.006835
   119/299     5.09G    0.0485   0.03223  0.008309   0.08904       247       416    0.7703    0.6339    0.6963    0.2591   0.05046   0.01718  0.007661
   120/299     5.09G   0.04995     0.034  0.008523   0.09247       246       416    0.8794    0.6001    0.6913    0.2608   0.05017   0.01777  0.006427
   121/299     5.09G   0.04977   0.03311  0.008675   0.09156       273       416    0.8021    0.6761    0.7125    0.2757   0.04909   0.01738  0.006287
   122/299     5.09G   0.04932   0.03325  0.008359   0.09093       250       416    0.7317    0.5585    0.5741    0.1657   0.05811   0.01851  0.006726
   123/299     5.09G   0.04932   0.03341  0.008194   0.09093       190       416    0.8546    0.5946    0.7047    0.2733   0.04781   0.01738  0.007067
   124/299     5.09G   0.04981   0.03304  0.008489   0.09134       175       416    0.7797    0.6432    0.6738    0.2564   0.04819   0.01755  0.006567
   125/299     5.09G    0.0498    0.0337  0.008431   0.09192       269       416     0.789    0.6158    0.6627    0.2221   0.05345   0.01816  0.007185
   126/299     5.09G   0.04904   0.03357  0.008663   0.09128       241       416    0.8376    0.6221    0.6864    0.2605    0.0498   0.01763  0.006559
   127/299     5.09G    0.0483   0.03323  0.007919   0.08944       265       416    0.8858    0.6347     0.715    0.2692   0.04874   0.01743  0.007044
   128/299     5.09G   0.04902   0.03344  0.008094   0.09055       268       416    0.8407    0.6346    0.6996    0.2659   0.04908   0.01737  0.006593
   129/299     5.09G   0.04948   0.03446  0.008344   0.09228       216       416    0.8644     0.628    0.7055    0.2651   0.05001   0.01705   0.00544
   130/299     5.09G   0.04917   0.03335   0.00851   0.09104       239       416    0.8593    0.5668    0.6385     0.191   0.05649    0.0178  0.006225
   131/299     5.09G   0.04813   0.03283  0.007781   0.08874       316       416      0.82    0.6508    0.6816    0.2496   0.05171   0.01717  0.006427
   132/299     5.09G   0.04926   0.03317  0.008055   0.09048       215       416    0.7946    0.6619    0.7003    0.2204   0.05401   0.01756  0.006573
   133/299     5.09G   0.04866   0.03255  0.007965   0.08918       252       416    0.8646    0.6386    0.7082    0.2764   0.04878   0.01716  0.006624
   134/299     5.09G    0.0488    0.0323  0.008083   0.08918       181       416    0.7864    0.6404    0.6973    0.2713   0.04879    0.0174  0.006609
   135/299     5.09G   0.04997   0.03381  0.008645   0.09243       206       416    0.8302    0.6655    0.7161    0.2558   0.05003   0.01782  0.006083
   136/299     5.09G   0.04907   0.03178  0.008436   0.08929       275       416    0.8199    0.5894    0.6488    0.1993   0.05646   0.01708  0.006141
   137/299     5.09G   0.04858   0.03362  0.007931   0.09013       182       416    0.8308    0.5937    0.6703    0.2261   0.05436   0.01741   0.00566
   138/299     5.09G   0.04853   0.03367  0.007953   0.09016       242       416    0.8822    0.6305    0.7321      0.29   0.04705   0.01731  0.006866
   139/299     5.09G   0.04876   0.03375  0.007651   0.09016       254       416    0.8512    0.6567    0.7119    0.2444   0.05104   0.01768  0.005509
   140/299     5.09G   0.04825   0.03232  0.008042   0.08861       224       416    0.7738    0.6556    0.7137    0.2708   0.04928    0.0176  0.006729
   141/299     5.09G   0.04855   0.03212  0.007951   0.08862       200       416    0.8753    0.5872    0.6778    0.2172   0.05497   0.01746  0.006064
   142/299     5.09G   0.04845   0.03361  0.008291   0.09035       276       416    0.8395    0.6371    0.7078    0.3121   0.04375   0.01738  0.006226
   143/299     5.09G   0.04726   0.03228  0.007628   0.08717       231       416    0.8109     0.635    0.6867    0.2295   0.05258   0.01746  0.006593
   144/299     5.09G   0.04785   0.03295  0.007835   0.08863       284       416    0.8715    0.6368     0.699    0.2434   0.05138   0.01705  0.006139
   145/299     5.09G   0.04878   0.03301  0.008022   0.08981       310       416    0.8995    0.6072    0.7169    0.2553   0.05039   0.01733  0.006335
   146/299     5.09G   0.04831   0.03323  0.007799   0.08934       217       416     0.858    0.6272    0.6983    0.2525   0.05138   0.01829  0.005676
   147/299     5.09G   0.04721   0.03327  0.007522     0.088       219       416    0.8642      0.62    0.7047    0.2343   0.05177    0.0173  0.005416
   148/299     5.09G   0.04841   0.03244  0.007794   0.08864       269       416    0.8498    0.6499    0.7135    0.2806   0.04784   0.01711  0.005576
   149/299     5.09G   0.04806   0.03285  0.007846   0.08875       235       416    0.7692    0.6658    0.7152    0.2538   0.05049   0.01698  0.005998
   150/299     5.09G   0.04907   0.03429  0.007884   0.09125       175       416    0.8744    0.6174    0.7171    0.2614   0.05034   0.01772  0.005847
   151/299     5.09G   0.04828   0.03346  0.007884   0.08962       182       416    0.9006       0.6    0.6993      0.26   0.04986   0.01749  0.006857
   152/299     5.09G   0.04797    0.0328  0.008317   0.08909       189       416    0.7897    0.6312    0.6957    0.2548   0.05066   0.01717  0.005416
   153/299     5.09G   0.04763   0.03216  0.007776   0.08757       183       416    0.8019    0.6215    0.6746      0.24   0.04983   0.01723  0.005885
   154/299     5.09G   0.04794   0.03298  0.007618   0.08854       196       416    0.8417    0.6083    0.6774    0.2415   0.05273   0.01678  0.005673
   155/299     5.09G   0.04728    0.0323   0.00773   0.08731       253       416    0.7887    0.6588    0.6984    0.2629   0.05005    0.0176  0.005877
   156/299     5.09G   0.04868   0.03333   0.00801   0.09002       223       416     0.844    0.6441    0.7262     0.297    0.0464   0.01731  0.006113
   157/299     5.09G   0.04775     0.033  0.007646    0.0884       277       416    0.8091     0.639    0.6952    0.2527   0.05035   0.01711   0.00583
   158/299     5.09G   0.04816   0.03223  0.007657   0.08805       209       416    0.7855    0.6783    0.7205    0.2933   0.04582   0.01674  0.006152
   159/299     5.09G   0.04794   0.03253  0.007553   0.08803       310       416    0.8069    0.6632    0.7181     0.292    0.0468   0.01685  0.006029
   160/299     5.09G   0.04812   0.03262  0.007882   0.08862       252       416    0.8783      0.63    0.7257    0.2807    0.0482   0.01761  0.005754
   161/299     5.09G   0.04794   0.03252  0.007918   0.08838       221       416    0.8199    0.6038    0.6805    0.2241   0.05317   0.01724  0.006714
   162/299     5.09G   0.04711   0.03223  0.007332   0.08667       214       416    0.8295    0.6517    0.7033     0.238   0.05082   0.01665  0.005938
   163/299     5.09G   0.04749   0.03318  0.007608   0.08828       245       416    0.8725    0.6061     0.685    0.2268    0.0521     0.017  0.006026
   164/299     5.09G   0.04723   0.03217  0.007386   0.08679       196       416    0.8045    0.6401    0.7137    0.2577    0.0496   0.01713  0.005928
   165/299     5.09G   0.04838   0.03323  0.008101   0.08971       287       416     0.869    0.6349    0.7336    0.2814   0.04881   0.01694   0.00553
   166/299     5.09G   0.04715   0.03215  0.007478   0.08677       260       416    0.8483    0.6385    0.7174    0.2761   0.04874   0.01675  0.006111
   167/299     5.09G   0.04795   0.03229  0.007557    0.0878       184       416    0.8425    0.6673    0.7408    0.3107   0.04574   0.01673  0.005942
   168/299     5.09G   0.04706    0.0321  0.007671   0.08683       200       416    0.8196     0.692    0.7378    0.2777   0.04896   0.01662  0.005844
   169/299     5.09G   0.04739   0.03245  0.007624   0.08747       239       416    0.8409    0.6705    0.7542    0.2717   0.04853    0.0169  0.005729
   170/299     5.09G   0.04765   0.03205  0.007518   0.08722       184       416    0.8075    0.6845    0.7442    0.2971   0.04644   0.01674  0.005963
   171/299     5.09G   0.04718   0.03218  0.007233   0.08659       198       416    0.8496    0.6326    0.6994    0.2369   0.05206   0.01702  0.007311
   172/299     5.09G   0.04781   0.03196    0.0076   0.08736       236       416    0.7609    0.7089    0.7283    0.2669   0.04839   0.01679  0.006501
   173/299     5.09G   0.04722   0.03216  0.007408   0.08679       197       416    0.8261    0.6629    0.7371    0.2911   0.04625   0.01701  0.005348
   174/299     5.09G   0.04718   0.03226  0.007426   0.08686       189       416      0.87    0.6407    0.7215    0.2556   0.05104   0.01698  0.006276
   175/299     5.09G   0.04683   0.03241  0.007313   0.08656       274       416    0.8426    0.6652    0.7302    0.2811    0.0483   0.01709  0.005895
   176/299     5.09G   0.04793   0.03334  0.007472   0.08874       256       416    0.8317    0.7096    0.7535    0.3017   0.04676    0.0172  0.005634
   177/299     5.09G   0.04731   0.03283  0.007115   0.08726       210       416    0.8963    0.6615    0.7517    0.2992   0.04624   0.01694   0.00596
   178/299     5.09G   0.04692    0.0328  0.007418   0.08714       229       416    0.8492    0.6613    0.7316    0.2766   0.04836   0.01671  0.005746
   179/299     5.09G   0.04666   0.03177  0.007321   0.08576       227       416    0.8648    0.6609    0.7371    0.2725   0.04947   0.01686  0.005293
   180/299     5.09G   0.04589   0.03161  0.006559   0.08406       164       416    0.9099    0.6655    0.7392     0.272   0.04883    0.0172  0.005504
   181/299     5.09G   0.04667   0.03215  0.007099   0.08591       194       416      0.89    0.6805    0.7588    0.3135   0.04536   0.01653  0.006042
   182/299     5.09G   0.04667    0.0317   0.00774    0.0861       203       416    0.8844    0.6364    0.7175    0.2859   0.04761   0.01668  0.005633
   183/299     5.09G   0.04739   0.03153  0.007516   0.08643       211       416     0.839    0.6745    0.7363    0.2872    0.0472   0.01671  0.005501
   184/299     5.09G   0.04696   0.03207  0.007146   0.08618       191       416      0.83    0.6825    0.7462    0.2913   0.04674   0.01689  0.005242
   185/299     5.09G    0.0471   0.03209  0.007214   0.08641       282       416    0.8472    0.6591    0.7277    0.2812   0.04758   0.01649  0.005313
   186/299     5.09G   0.04626   0.03156  0.007201   0.08502       238       416    0.8409    0.6655    0.7497    0.2951   0.04616   0.01668  0.005101
   187/299     5.09G   0.04609   0.03125  0.007295   0.08463       308       416    0.8035    0.7139    0.7673    0.2944   0.04576    0.0166  0.005001
   188/299     5.09G   0.04642   0.03139  0.006705   0.08452       363       416    0.8736    0.6524    0.7474    0.2978    0.0462   0.01638  0.005277
   189/299     5.09G   0.04611   0.03157   0.00708   0.08476       228       416    0.8831    0.6442    0.7201     0.283   0.04759   0.01646  0.004911
   190/299     5.09G    0.0459   0.03093  0.007041   0.08388       216       416    0.8945    0.6771    0.7438    0.3012   0.04661   0.01666  0.004844
   191/299     5.09G   0.04647   0.03214  0.007058   0.08567       242       416    0.8663    0.6911    0.7454    0.2873   0.04735   0.01685   0.00508
   192/299     5.09G   0.04666   0.03206  0.007179   0.08589       286       416    0.8651    0.6963    0.7418     0.286     0.047   0.01659  0.005522
   193/299     5.09G   0.04553   0.03144  0.006754   0.08372       261       416    0.8319    0.6808    0.7137    0.2462   0.05181   0.01682    0.0053
   194/299     5.09G   0.04576   0.03124  0.006842   0.08384       176       416    0.8544    0.6899    0.7622    0.2941   0.04665   0.01669  0.005482
   195/299     5.09G   0.04581   0.03204  0.006874   0.08472       241       416    0.8354    0.6903    0.7463    0.2959   0.04656   0.01658  0.005506
   196/299     5.09G   0.04591   0.03113  0.006771   0.08381       180       416    0.8374    0.6843    0.7402    0.2851   0.04769   0.01666  0.005662
   197/299     5.09G   0.04647   0.03199  0.007072   0.08554       241       416    0.7949    0.7346    0.7608    0.3064   0.04563   0.01646   0.00521
   198/299     5.09G   0.04571   0.03181  0.006723   0.08424       288       416     0.799    0.7231    0.7538    0.2939   0.04737   0.01658  0.005475
   199/299     5.09G   0.04645   0.03244  0.007163   0.08606       179       416    0.8365    0.7114    0.7657    0.3081   0.04565   0.01646  0.005804
   200/299     5.09G    0.0464   0.03252  0.006961   0.08589       204       416    0.8646    0.6666    0.7412     0.284   0.04803   0.01668   0.00582
   201/299     5.09G   0.04617   0.03255  0.006746   0.08547       296       416     0.874    0.6649    0.7302    0.2906   0.04801   0.01656  0.005816
   202/299     5.09G   0.04586    0.0317  0.006637    0.0842       265       416    0.8454    0.6885    0.7503    0.2834    0.0483   0.01655  0.005503
   203/299     5.09G   0.04603   0.03134  0.006855   0.08423       229       416    0.8395    0.6941    0.7383    0.2838   0.04806   0.01658  0.005408
   204/299     5.09G   0.04582   0.03091  0.006987   0.08372       269       416    0.8731    0.6731    0.7348    0.2891    0.0474   0.01639  0.005467
   205/299     5.09G   0.04646   0.03172  0.006994   0.08516       245       416    0.8812    0.6745    0.7376    0.3023   0.04687   0.01653  0.005716
   206/299     5.09G   0.04548   0.03117  0.006836   0.08349       239       416    0.8476    0.6968    0.7532     0.317   0.04551   0.01647  0.005725
   207/299     5.09G    0.0455   0.03033  0.006989   0.08282       175       416    0.8235    0.7037    0.7438    0.3141   0.04555   0.01637  0.005659
   208/299     5.09G   0.04458   0.03058  0.006377   0.08155       172       416    0.8368    0.6805     0.744    0.3045   0.04661   0.01642  0.005432
   209/299     5.09G   0.04512   0.03194  0.006422   0.08348       210       416    0.8542    0.6689    0.7422    0.2888   0.04763   0.01656  0.005454
   210/299     5.09G   0.04493   0.03099  0.006636   0.08255       227       416    0.8407    0.7016    0.7469    0.2902   0.04735    0.0165   0.00573
   211/299     5.09G   0.04473   0.03076  0.006446   0.08194       233       416     0.918    0.6516     0.734    0.2919   0.04638   0.01644     0.006
   212/299     5.09G   0.04581   0.03227  0.006495   0.08458       253       416    0.9219    0.6673    0.7386    0.2889   0.04637    0.0166  0.005896
   213/299     5.09G   0.04583   0.03133  0.007002   0.08416       227       416    0.8788     0.675    0.7334    0.2942   0.04607   0.01653  0.005799
   214/299     5.09G    0.0458   0.03145   0.00671   0.08396       344       416    0.9032    0.6653    0.7374    0.2758    0.0478   0.01696  0.005749
   215/299     5.09G   0.04539   0.03192  0.006454   0.08377       213       416     0.888    0.6732    0.7266    0.2722   0.04817   0.01672  0.005589
   216/299     5.09G   0.04513   0.03191  0.006501   0.08354       237       416    0.9065    0.6871    0.7501    0.2922   0.04667   0.01653   0.00532
   217/299     5.09G   0.04468   0.03083  0.006152   0.08166       261       416    0.9146    0.6734    0.7531    0.2922   0.04691   0.01651   0.00528
   218/299     5.09G    0.0457   0.03157  0.006839   0.08411       208       416    0.8772    0.6823    0.7486    0.2857   0.04752   0.01644  0.005497
   219/299     5.09G   0.04496   0.03201  0.006741   0.08371       204       416    0.8728    0.6818    0.7412    0.2864   0.04763   0.01639  0.005807
   220/299     5.09G   0.04483   0.03029  0.006394   0.08152       239       416    0.8834    0.6767    0.7446    0.2975   0.04646   0.01644  0.005982
   221/299     5.09G   0.04461    0.0313  0.006347   0.08225       211       416     0.885    0.6881    0.7618    0.3223   0.04453   0.01629   0.00596
   222/299     5.09G   0.04535     0.031  0.006464   0.08281       293       416    0.8882    0.6804    0.7519    0.3021   0.04583    0.0163  0.006017
   223/299     5.09G   0.04514   0.03071   0.00601   0.08186       283       416    0.9123    0.6731    0.7605    0.2932   0.04638   0.01632  0.006262
   224/299     5.09G     0.045   0.03086  0.006337   0.08219       225       416    0.8577    0.6933    0.7637    0.2959   0.04651   0.01631  0.006306
   225/299     5.09G   0.04461   0.03094  0.006392   0.08194       185       416    0.8718    0.6854    0.7583    0.2983   0.04631   0.01631  0.006302
   226/299     5.09G   0.04423   0.02999  0.006259   0.08048       233       416     0.826    0.7197     0.765    0.3016   0.04576   0.01629  0.006067
   227/299     5.09G   0.04504   0.03093  0.006569   0.08254       181       416    0.8817    0.6845    0.7679    0.2962   0.04613   0.01644  0.005747
   228/299     5.09G   0.04411   0.03017  0.006359   0.08064       232       416    0.8471    0.7012    0.7562     0.295   0.04598   0.01648  0.005461
   229/299     5.09G   0.04424   0.02978  0.006183   0.08021       231       416    0.8769     0.683     0.754    0.2916   0.04689   0.01656  0.005676
   230/299     5.09G   0.04462   0.03078  0.005935   0.08134       214       416    0.8342    0.7121      0.75    0.3002   0.04613   0.01645  0.005594
   231/299     5.09G   0.04427   0.03027  0.005838   0.08038       298       416    0.8453    0.6879    0.7592    0.2996   0.04636   0.01644  0.005191
   232/299     5.09G   0.04485   0.03086  0.006597   0.08231       198       416    0.8276    0.7095    0.7652    0.3097   0.04523   0.01637   0.00541
   233/299     5.09G   0.04463   0.03105  0.006627   0.08231       197       416    0.8686     0.684    0.7619    0.3109   0.04524   0.01628  0.005506
   234/299     5.09G    0.0448    0.0314  0.006067   0.08226       265       416    0.9013    0.6536    0.7528    0.3031   0.04594   0.01636  0.005686
   235/299     5.09G   0.04329   0.03076  0.005868   0.07992       206       416    0.8605    0.6976    0.7531    0.3046    0.0457   0.01648  0.005522
   236/299     5.09G   0.04371   0.03042  0.006174    0.0803       188       416    0.8785    0.6918    0.7648    0.3079   0.04548   0.01636  0.005655
   237/299     5.09G   0.04429   0.03127  0.005944   0.08151       248       416    0.8533    0.6861    0.7471    0.3108   0.04531   0.01623  0.005659
   238/299     5.09G   0.04417   0.03038  0.006081   0.08063       188       416     0.863    0.6881    0.7523     0.302   0.04537   0.01621  0.005647
   239/299     5.09G   0.04396   0.03016  0.005617   0.07974       272       416    0.9014    0.6781     0.757    0.3027   0.04623   0.01632  0.005536
   240/299     5.09G   0.04372    0.0304  0.006054   0.08017       238       416    0.8497    0.6996    0.7565    0.2936    0.0468   0.01641  0.005384
   241/299     5.09G   0.04364   0.03066  0.006103    0.0804       214       416    0.8454    0.7016    0.7603    0.2938    0.0469   0.01641  0.005407
   242/299     5.09G   0.04388   0.02967  0.006194   0.07974       208       416    0.8625    0.6922    0.7495    0.2869   0.04721   0.01639  0.005317
   243/299     5.09G   0.04435   0.02993  0.006063   0.08034       251       416    0.8599    0.7006    0.7648    0.2961   0.04664   0.01636  0.005223
   244/299     5.09G   0.04355   0.03019  0.006077   0.07982       222       416    0.8702    0.6939    0.7665    0.3049   0.04562   0.01626  0.004988
   245/299     5.09G   0.04322   0.03008  0.006228   0.07953       210       416    0.8246    0.7169    0.7692    0.3098   0.04528   0.01621   0.00506
   246/299     5.09G   0.04384   0.02999  0.006144   0.07997       159       416    0.7979    0.7111    0.7524    0.2996   0.04627   0.01633   0.00521
   247/299     5.09G   0.04406   0.03124  0.005778   0.08108       352       416    0.8015    0.7132    0.7513    0.2964   0.04638   0.01636  0.005301
   248/299     5.09G   0.04346   0.03022  0.005812   0.07949       254       416    0.7968    0.7016    0.7437     0.297   0.04648   0.01624  0.005492
   249/299     5.09G   0.04288   0.02997  0.005755    0.0786       237       416     0.883    0.6688     0.752    0.3027   0.04649   0.01628  0.005441
   250/299     5.09G   0.04391    0.0309  0.006182     0.081       150       416     0.866     0.679    0.7523    0.3053    0.0461   0.01626  0.005405
   251/299     5.09G   0.04347   0.03011  0.005424     0.079       241       416    0.8475    0.6931    0.7652    0.3022   0.04624   0.01631  0.005435
   252/299     5.09G   0.04306   0.03038  0.005939   0.07937       242       416    0.8085    0.7248    0.7628    0.2921   0.04668   0.01638  0.005417
   253/299     5.09G   0.04362   0.03046   0.00602    0.0801       212       416    0.8016    0.7187    0.7621    0.3011   0.04599   0.01633  0.005647
   254/299     5.09G    0.0433   0.03022  0.005635   0.07916       204       416    0.8775    0.6798    0.7574     0.306   0.04531   0.01627  0.005729
   255/299     5.09G    0.0433   0.03014  0.005745   0.07918       199       416    0.7964    0.7244    0.7528    0.3125   0.04463   0.01625  0.005632
   256/299     5.09G   0.04339   0.03119   0.00558   0.08017       277       416    0.8079    0.7218    0.7524    0.3129   0.04458   0.01623  0.005634
   257/299     5.09G    0.0435   0.02995  0.005892   0.07934       204       416    0.8031    0.7264    0.7526    0.3125    0.0446   0.01617  0.005725
   258/299     5.09G    0.0434   0.02999  0.005823   0.07921       274       416    0.8119    0.7129    0.7524    0.3104   0.04494   0.01618  0.005678
   259/299     5.09G   0.04326   0.03062  0.005681   0.07956       217       416    0.7946      0.73    0.7556    0.3126   0.04475   0.01616   0.00562
   260/299     5.09G   0.04344   0.02998  0.005721   0.07914       213       416    0.8365    0.6885     0.749    0.3089     0.045   0.01616  0.005731
   261/299     5.09G    0.0436   0.02982  0.006044   0.07946       280       416    0.8664    0.6667    0.7431    0.3016   0.04564   0.01624  0.005719
   262/299     5.09G   0.04295   0.02994  0.005507    0.0784       259       416    0.8532    0.6725    0.7475    0.3046    0.0455   0.01627  0.005776
   263/299     5.09G   0.04321   0.03013  0.005817   0.07916       191       416    0.7967    0.7129    0.7437    0.3024   0.04583   0.01628  0.005782
   264/299     5.09G   0.04326   0.02948  0.006034   0.07878       243       416    0.7854    0.7187    0.7519    0.3043   0.04573   0.01625  0.005887
   265/299     5.09G   0.04335   0.02955  0.005725   0.07862       173       416    0.7996    0.7109    0.7518    0.3025   0.04581   0.01625   0.00579
   266/299     5.09G   0.04238   0.02946  0.005552   0.07739       172       416    0.8119    0.7343    0.7554    0.3025   0.04595   0.01628   0.00547
   267/299     5.09G   0.04259   0.03011  0.005554   0.07826       252       416    0.8274    0.7227    0.7601    0.3065   0.04567   0.01619  0.005568
   268/299     5.09G   0.04329   0.03002  0.005421   0.07873       249       416    0.8179    0.7343    0.7594    0.3091   0.04537   0.01614  0.005614
   269/299     5.09G   0.04287    0.0304  0.005632    0.0789       227       416      0.82    0.7254      0.75    0.3036   0.04555   0.01618  0.005722
   270/299     5.09G   0.04314   0.02993  0.005414   0.07848       217       416    0.8684    0.6994    0.7501    0.3096   0.04521   0.01616  0.005687
   271/299     5.09G   0.04243   0.02942  0.005489   0.07733       256       416    0.8169    0.7283    0.7499     0.314   0.04497   0.01612  0.005524
   272/299     5.09G   0.04341   0.03054   0.00591   0.07986       291       416    0.8415    0.7169    0.7536    0.3117   0.04502   0.01614   0.00552
   273/299     5.09G   0.04318   0.02958  0.005568   0.07834       210       416    0.8372    0.7151    0.7517    0.3137   0.04513   0.01612  0.005557
   274/299     5.09G   0.04272    0.0299  0.005451   0.07807       232       416    0.8374    0.7166    0.7487    0.3137   0.04501   0.01608  0.005532
   275/299     5.09G   0.04308   0.02923  0.005521   0.07783       203       416    0.8407    0.7302    0.7597     0.319   0.04462   0.01608  0.005485
   276/299     5.09G   0.04292   0.02929  0.005458   0.07767       200       416    0.8791    0.7071    0.7627    0.3199    0.0444   0.01605  0.005492
   277/299     5.09G    0.0431   0.03042  0.005424   0.07894       300       416    0.8811    0.7071      0.76    0.3145   0.04476   0.01609  0.005529
   278/299     5.09G   0.04253   0.03001  0.005256    0.0778       259       416    0.8371    0.7202    0.7532     0.314   0.04503    0.0161  0.005609
   279/299     5.09G    0.0421   0.02949    0.0056   0.07719       219       416    0.8536    0.7024    0.7551    0.3101   0.04515    0.0161  0.005646
   280/299     5.09G   0.04239   0.02935  0.005317   0.07706       259       416    0.8724    0.6916    0.7538    0.3086   0.04505   0.01608  0.005677
   281/299     5.09G   0.04286   0.03081  0.005565   0.07924       238       416    0.9275    0.6673    0.7537    0.3086    0.0452   0.01609  0.005616
   282/299     5.09G   0.04223    0.0285  0.005173    0.0759       212       416    0.8814    0.6973     0.755    0.3138   0.04475   0.01606  0.005633
   283/299     5.09G    0.0424   0.02903  0.005264    0.0767       172       416    0.8894    0.6924    0.7592    0.3158   0.04441   0.01604  0.005609
   284/299     5.09G   0.04244   0.03043  0.005516   0.07838       304       416    0.8897    0.6943    0.7613    0.3205   0.04394   0.01603  0.005519
   285/299     5.09G   0.04237   0.02907  0.005269   0.07671       259       416     0.893    0.6885    0.7609    0.3206   0.04402   0.01605  0.005593
   286/299     5.09G   0.04241   0.02981  0.005332   0.07755       233       416     0.913    0.6808    0.7629    0.3177   0.04421   0.01606  0.005621
   287/299     5.09G   0.04232   0.03004  0.005104   0.07746       232       416    0.8902    0.6961    0.7575    0.3133   0.04458   0.01608  0.005697
   288/299     5.09G   0.04295   0.03022  0.005241   0.07842       297       416    0.8842    0.7061    0.7631    0.3173    0.0442   0.01605  0.005719
   289/299     5.09G    0.0426   0.02983  0.005417   0.07784       249       416    0.8896    0.7053    0.7674    0.3184   0.04424   0.01607  0.005767
   290/299     5.09G    0.0425   0.02996   0.00521   0.07767       220       416    0.9226    0.6852    0.7656    0.3157   0.04431   0.01608  0.005779
   291/299     5.09G   0.04189   0.02956  0.005347    0.0768       283       416    0.9265    0.6847    0.7605     0.316   0.04433    0.0161  0.005689
   292/299     5.09G   0.04247   0.02906  0.005181   0.07671       257       416    0.9243    0.6866    0.7614    0.3123   0.04454   0.01609  0.005656
   293/299     5.09G   0.04258   0.02927   0.00543   0.07729       216       416    0.9177    0.6941    0.7663    0.3168   0.04434   0.01608  0.005702
   294/299     5.09G   0.04236   0.02885  0.005325   0.07653       221       416     0.907    0.6924    0.7611     0.313   0.04439   0.01611  0.005631
   295/299     5.09G   0.04237   0.02974  0.005138   0.07724       215       416    0.8923    0.6961     0.765    0.3106   0.04462   0.01611   0.00566
   296/299     5.09G   0.04217   0.02967  0.005113   0.07696       223       416    0.8925    0.6961    0.7674    0.3152   0.04447   0.01607  0.005704
   297/299     5.09G   0.04235      0.03  0.004956   0.07731       315       416    0.8882    0.6884    0.7602    0.3153   0.04426   0.01606  0.005685
   298/299     5.09G   0.04341   0.03034  0.005446    0.0792       241       416    0.8874    0.6919    0.7599    0.3121   0.04447   0.01607  0.005704
   299/299     5.09G   0.04251   0.02977  0.005186   0.07746       177       416    0.8957    0.6962    0.7676    0.3111   0.04456   0.01605  0.005684
